1 0 21 27
2 0 1 27
3 0 27 39
4 1 2 39
5 2 3 39
6 3 4 48
7 3 40 48
8 3 39 40
9 4 5 48
10 5 6 59
11 6 7 58
12 7 8 57
13 8 9 56
14 9 10 55
15 10 11 54
16 11 12 54
17 12 13 43
18 13 14 44
19 14 15 32
20 15 16 20
21 16 17 19
22 17 18 23
23 22 23 25
24 21 22 26
25 21 26 27
26 26 27 28
27 27 30 31
28 27 28 31
29 27 30 39
30 22 25 26
31 25 26 28
32 23 24 25
33 27 28 29
34 28 29 31
35 25 28 37
36 24 25 37
37 29 30 31
38 29 30 38
39 30 38 39
40 39 39 46
41 38 46 67
42 39 40 46
43 29 37 38
44 18 23 24
45 18 24 37
46 18 37 45
47 17 18 19
48 18 34 45
49 16 19 20
50 32 35 36
51 32 33 36
52 15 32 33
53 15 20 33
54 19 20 33
55 18 19 33
56 18 33 34
57 33 34 36
58 34 35 36
59 14 32 44
60 32 35 44
61 34 35 44
62 34 44 45
63 37 44 45
64 29 38 44
65 13 43 44
66 38 44 67 
67 43 44 67
68 12 42 43
69 12 42 54
70 5 48 59
71 6 58 59
72 7 57 58
73 8 56 57
74 9 55 56
75 10 54 55
76 42 43 47
77 43 47 67
78 46 47 67
79 40 41 46
80 41 46 47
81 41 42 47
82 41 42 53
83 42 53 54
84 40 41 50
85 40 49 50
86 40 48 49
87 41 52 53
88 41 50 51
89 41 51 52
90 52 53 63
91 54 55 62
92 49 50 51
93 48 49 65 
94 54 62 63
95 53 54 63
96 51 52 63
97 51 63 64
98 56 57 61
99 62 63 64
100 56 57 62
101 58 59 60
102 48 60 65
103 57 58 61
104 49 51 65
105 51 64 65
106 58 60 61
107 48 60 65
